('DUKE', 'HANS')
	37 	-3
	50 	-5
	65 	0

('OLAF', 'KRISTOFF')
	49 	6
	53 	0
	55 	7
	57 	0
	62 	0

('OLAF', 'HANS')
	57 	2

('ELSA', 'HANS')
	35 	-1
	61 	-2
	72 	2

('ANNA', 'HANS')
	31 	3
	33 	0
	34 	0
	35 	0
	36 	0
	37 	-1
	64 	8
	72 	0

('HANS', 'ANNA')
	31 	3
	33 	5
	34 	3
	35 	0
	36 	0
	37 	5
	50 	0
	58 	-3
	64 	-4
	65 	0
	72 	0

('ELSA', 'OLAF')
	5 	3
	54 	0
	72 	0

('ELSA', 'ANNA')
	3 	0
	5 	0
	13 	0
	31 	0
	33 	6
	35 	0
	54 	-2
	72 	1
	76 	0

('KRISTOFF', 'ANNA')
	42 	0
	45 	0
	46 	1
	48 	0
	49 	0
	51 	-3
	52 	0
	53 	0
	54 	0
	55 	-2
	57 	2
	63 	-3
	67 	0
	72 	0
	74 	0
	75 	3

('KRISTOFF', 'HANS')
	63 	1

('OLAF', 'ANNA')
	49 	5
	51 	0
	52 	2
	53 	0
	55 	-1
	57 	7
	68 	15
	71 	0
	72 	0

('OLAF', 'ELSA')
	49 	0
	54 	3
	72 	8

('KRISTOFF', 'OLAF')
	49 	0
	53 	0
	55 	2
	57 	0
	62 	0

('ANNA', 'ELSA')
	3 	0
	5 	0
	13 	0
	26 	4
	31 	0
	33 	4
	35 	5
	36 	0
	39 	0
	54 	6
	64 	-1
	72 	3
	76 	2

('ANNA', 'OLAF')
	5 	3
	49 	0
	51 	0
	52 	4
	53 	0
	54 	0
	55 	3
	57 	0
	68 	6
	72 	0

('HANS', 'ELSA')
	35 	2
	60 	-2
	61 	-3
	64 	1
	65 	-5
	72 	0

('DUKE', 'ELSA')
	33 	0
	36 	-1
	65 	-4

('DUKE', 'ANNA')
	33 	6
	35 	-2
	37 	0

('ANNA', 'DUKE')
	33 	0
	35 	0
	37 	0

('ELSA', 'DUKE')
	33 	2
	36 	0

('HANS', 'DUKE')
	37 	0
	50 	-1
	65 	-6

('ANNA', 'KRISTOFF')
	42 	-1
	45 	0
	46 	5
	48 	0
	49 	1
	51 	0
	52 	2
	53 	0
	54 	0
	55 	4
	57 	0
	63 	0
	72 	0
	74 	0
	75 	0
